Estrellas visibles del catálogo Hipparcos de magnitud inferior a 2.5: 28

Estrellas usadas para regresión:
Id / Masa de aire / Magnitud de catálogo / Magnitud instrumental
================================================================
HIP  69673 |  1.057 |  -0.05 |  -7.84
HIP  91262 |  1.765 |   0.03 |  -9.80
HIP  65474 |  1.507 |   0.98 |  -7.95
HIP  49669 |  1.731 |   1.36 |  -7.57
HIP  62956 |  1.070 |   1.76 |  -6.21
HIP  54061 |  1.223 |   1.81 |  -6.54
HIP  67301 |  1.023 |   1.85 |  -6.08
HIP  11767 |  1.683 |   1.97 |  -7.31
HIP  50583 |  1.493 |   2.01 |  -7.12
HIP  72607 |  1.265 |   2.07 |  -7.02
HIP  86032 |  1.794 |   2.08 |  -7.32
HIP  57632 |  1.213 |   2.14 |  -6.83
HIP  76267 |  1.102 |   2.22 |  -6.68
HIP  65378 |  1.053 |   2.23 |  -6.34
HIP  87833 |  1.422 |   2.24 |  -7.20
HIP  53910 |  1.198 |   2.34 |  -6.36
HIP  72105 |  1.039 |   2.35 |  -6.37
HIP  58001 |  1.108 |   2.41 |  -6.01
Número de estrellas: 18

Recta de Bouger:
Coef. ext.: 1.54915766712788
Punto cero: b = 6.75318137874432

Error típico de regresión  : 0.360621106201856
Error típico del punto cero: 0.425830431370168
Error típico del coef. ext.: 0.316283104748176

Datos introducidos del meteoro:
Inicio                                  | Final                                  
 X        | Y         | M.aire | dist.  | X         | Y         | M.aire | dist. 
=================================================================================
   57.189 |   260.414 |  5.002 | 129.74 |   216.790 |   315.062 |  1.233 |  97.59

Ajuste de trayectoria:
Parábola y = ax^2+bx+c.
a=-0.001053381867
b=0.624452471733
c=229.860227


 t     | Dist.  | Mc     | Ma      
==================================
0.0000 | 129.74 |   4.93 |   4.36
0.0438 | 129.54 |   4.25 |   3.69
0.0877 | 129.34 |   3.58 |   3.02
0.1315 | 129.13 |   2.85 |   2.30
0.1753 | 128.93 |   2.39 |   1.84
0.2192 | 128.73 |   2.19 |   1.64
0.2630 | 128.53 |   1.94 |   1.40
0.3068 | 128.32 |   1.83 |   1.29
0.3506 | 128.12 |   1.64 |   1.10
0.3945 | 127.92 |   1.45 |   0.92
0.4383 | 127.72 |   1.27 |   0.73
0.4821 | 127.52 |   1.13 |   0.60
0.5260 | 127.31 |   0.99 |   0.47
0.5698 | 127.11 |   0.89 |   0.37
0.6136 | 126.91 |   0.76 |   0.24
0.6575 | 126.71 |   0.66 |   0.14
0.7013 | 126.51 |   0.54 |   0.03
0.7451 | 126.30 |   0.46 |  -0.05
0.7889 | 126.10 |   0.36 |  -0.14
0.8328 | 125.90 |   0.29 |  -0.21
0.8766 | 125.70 |   0.15 |  -0.35
0.9204 | 125.49 |   0.05 |  -0.44
0.9643 | 125.29 |  -0.01 |  -0.50
1.0081 | 125.09 |  -0.11 |  -0.59
1.0519 | 124.89 |  -0.17 |  -0.65
1.0958 | 124.69 |  -0.25 |  -0.73
1.1396 | 124.48 |  -0.32 |  -0.79
1.1834 | 124.28 |  -0.41 |  -0.88
1.2272 | 124.08 |  -0.47 |  -0.94
1.2711 | 123.88 |  -0.54 |  -1.01
1.3149 | 123.67 |  -0.61 |  -1.07
1.3587 | 123.47 |  -0.67 |  -1.13
1.4026 | 123.27 |  -0.72 |  -1.17
1.4464 | 123.07 |  -0.79 |  -1.24
1.4902 | 122.87 |  -0.84 |  -1.29
1.5341 | 122.66 |  -0.92 |  -1.36
1.5779 | 122.46 |  -0.95 |  -1.39
1.6217 | 122.26 |  -1.02 |  -1.45
1.6655 | 122.06 |  -1.07 |  -1.50
1.7094 | 121.86 |  -1.10 |  -1.53
1.7532 | 121.65 |  -1.16 |  -1.58
1.7970 | 121.45 |  -1.19 |  -1.61
1.8409 | 121.25 |  -1.24 |  -1.66
1.8847 | 121.05 |  -1.30 |  -1.71
1.9285 | 120.84 |  -1.32 |  -1.73
1.9724 | 120.64 |  -1.37 |  -1.78
2.0162 | 120.44 |  -1.39 |  -1.80
2.0600 | 120.24 |  -1.42 |  -1.82
2.1038 | 120.04 |  -1.46 |  -1.85
2.1477 | 119.83 |  -1.48 |  -1.88
2.1915 | 119.63 |  -1.53 |  -1.92
2.2353 | 119.43 |  -1.55 |  -1.94
2.2792 | 119.23 |  -1.59 |  -1.97
2.3230 | 119.02 |  -1.61 |  -1.99
2.3668 | 118.82 |  -1.64 |  -2.02
2.4107 | 118.62 |  -1.68 |  -2.05
2.4545 | 118.42 |  -1.71 |  -2.07
2.4983 | 118.22 |  -1.74 |  -2.10
2.5422 | 118.01 |  -1.79 |  -2.15
2.5860 | 117.81 |  -1.80 |  -2.16
2.6298 | 117.61 |  -1.84 |  -2.19
2.6736 | 117.41 |  -1.87 |  -2.22
2.7175 | 117.21 |  -1.88 |  -2.22
2.7613 | 117.00 |  -1.91 |  -2.25
2.8051 | 116.80 |  -1.92 |  -2.25
2.8490 | 116.60 |  -1.94 |  -2.28
2.8928 | 116.40 |  -1.98 |  -2.31
2.9366 | 116.19 |  -1.97 |  -2.30
2.9805 | 115.99 |  -2.02 |  -2.34
3.0243 | 115.79 |  -2.05 |  -2.37
3.0681 | 115.59 |  -2.04 |  -2.35
3.1119 | 115.39 |  -2.08 |  -2.39
3.1558 | 115.18 |  -2.10 |  -2.41
3.1996 | 114.98 |  -2.09 |  -2.39
3.2434 | 114.78 |  -2.14 |  -2.44
3.2873 | 114.58 |  -2.14 |  -2.44
3.3311 | 114.38 |  -2.14 |  -2.43
3.3749 | 114.17 |  -2.17 |  -2.46
3.4188 | 113.97 |  -2.18 |  -2.46
3.4626 | 113.77 |  -2.19 |  -2.47
3.5064 | 113.57 |  -2.21 |  -2.49
3.5502 | 113.36 |  -2.21 |  -2.48
3.5941 | 113.16 |  -2.21 |  -2.48
3.6379 | 112.96 |  -2.21 |  -2.47
3.6817 | 112.76 |  -2.21 |  -2.47
3.7256 | 112.56 |  -2.20 |  -2.46
3.7694 | 112.35 |  -2.18 |  -2.43
3.8132 | 112.15 |  -2.19 |  -2.43
3.8571 | 111.95 |  -2.14 |  -2.38
3.9009 | 111.75 |  -2.18 |  -2.42
3.9447 | 111.54 |  -2.22 |  -2.46
3.9885 | 111.34 |  -2.18 |  -2.41
4.0324 | 111.14 |  -2.14 |  -2.37
4.0762 | 110.94 |  -2.11 |  -2.34
4.1200 | 110.74 |  -2.08 |  -2.30
4.1639 | 110.53 |  -2.08 |  -2.30
4.2077 | 110.33 |  -2.09 |  -2.30
4.2515 | 110.13 |  -2.10 |  -2.31
4.2954 | 109.93 |  -2.14 |  -2.35
4.3392 | 109.73 |  -2.18 |  -2.38
4.3830 | 109.52 |  -2.16 |  -2.35
4.4268 | 109.32 |  -2.11 |  -2.31
4.4707 | 109.12 |  -2.11 |  -2.30
4.5145 | 108.92 |  -2.10 |  -2.29
4.5583 | 108.71 |  -2.09 |  -2.27
4.6022 | 108.51 |  -2.13 |  -2.30
4.6460 | 108.31 |  -2.10 |  -2.27
4.6898 | 108.11 |  -2.04 |  -2.21
4.7337 | 107.91 |  -2.03 |  -2.19
4.7775 | 107.70 |  -2.05 |  -2.21
4.8213 | 107.50 |  -2.05 |  -2.21
4.8652 | 107.30 |  -2.00 |  -2.16
4.9090 | 107.10 |  -1.99 |  -2.14
4.9528 | 106.89 |  -1.88 |  -2.03
4.9966 | 106.69 |  -1.89 |  -2.04
5.0405 | 106.49 |  -1.97 |  -2.11
5.0843 | 106.29 |  -1.99 |  -2.12
5.1281 | 106.09 |  -1.79 |  -1.92
5.1720 | 105.88 |  -1.77 |  -1.90
5.2158 | 105.68 |  -1.82 |  -1.94
5.2596 | 105.48 |  -1.77 |  -1.89
5.3035 | 105.28 |  -1.67 |  -1.78
5.3473 | 105.08 |  -1.57 |  -1.67
5.3911 | 104.87 |  -1.48 |  -1.58
5.4349 | 104.67 |  -1.39 |  -1.49
5.4788 | 104.47 |  -1.41 |  -1.51
5.5226 | 104.27 |  -1.30 |  -1.39
5.5664 | 104.06 |  -1.09 |  -1.18
5.6103 | 103.86 |  -1.05 |  -1.13
5.6541 | 103.66 |  -1.05 |  -1.13
5.6979 | 103.46 |  -1.02 |  -1.10
5.7418 | 103.26 |  -0.81 |  -0.88
5.7856 | 103.05 |  -0.74 |  -0.81
5.8294 | 102.85 |  -0.66 |  -0.72
5.8732 | 102.65 |  -0.73 |  -0.79
5.9171 | 102.45 |  -0.64 |  -0.69
5.9609 | 102.24 |  -0.45 |  -0.49
6.0047 | 102.04 |  -0.32 |  -0.37
6.0486 | 101.84 |  -0.36 |  -0.40
6.0924 | 101.64 |  -0.24 |  -0.27
6.1362 | 101.44 |  -0.11 |  -0.14
6.1801 | 101.23 |  -0.02 |  -0.05
6.2239 | 101.03 |   0.05 |   0.03
6.2677 | 100.83 |   0.19 |   0.17
6.3115 | 100.63 |   0.30 |   0.28
6.3554 | 100.43 |   0.39 |   0.38
6.3992 | 100.22 |   0.46 |   0.45
6.4430 | 100.02 |   0.48 |   0.48
6.4869 |  99.82 |   0.63 |   0.63
6.5307 |  99.62 |   0.69 |   0.70
6.5745 |  99.41 |   0.74 |   0.76
6.6184 |  99.21 |   0.94 |   0.96
6.6622 |  99.01 |   0.86 |   0.88
6.7060 |  98.81 |   0.97 |   1.00
6.7498 |  98.61 |   0.90 |   0.93
6.7937 |  98.40 |   1.10 |   1.13
6.8375 |  98.20 |   1.14 |   1.18
6.8813 |  98.00 |   1.33 |   1.38
6.9252 |  97.80 |   1.36 |   1.41
6.9690 |  97.59 |   1.38 |   1.43

MagMax: 4.92613736685532 MagMin: -2.48821482344206

Masa fotométrica (gramos): 10487.38
